1921072
301739
835726
284883
214964
214965
197105
214967
392643
168
197305
215710
258344
142423
340088
197
1796065
1796071
89729
314299
828529
317177
314301
724851
455
466461
46049
315294
864776
599
1130574
1427489
1427490
1873122
59814
690781
762672
89753
1876661
392459
46307
1088907
1305558
1663529
1663530
214231
1318924
822929
203498
219411
220352
219306
1132744
235414
197369
393543
89918
1673265
465655
654533
218142
607584
215450
392675
1258862
1110330
802565
197386
972519
1495302
727450
1331652
727418
1807543
833037
477619
218855
1331
392537
18896
313867
197397
903291
283417
1886927
91272
317063
658552
197404
81965
814394
994235
1537565
1521
1866168
1927856
1927864
465411
1921222
1925494
1701280
91065
215779
1944661
1551643
356903
1551644
47403
216905
806322
392496
1960
905390
235409
91080
2181
82125
293630
1724077
1724130
342965
1812677
1004875
2232
20024
1806956
68147
689273
1014329
1551646
689286
20791
834152
211365
834198
834145
484139
880402
857511
857513
155013
2402
283550
21009
121070
2525
2530
57150
707643
352539
1667224
1790243
751062
1126066
1876733
1371723
216128
435440
1865957
1364454
3538
1495596
831263
831261
831109
309552
106219
21833
21579
1551670
91516
22037
235421
221086
1598430
1807803
48787
22396
1870954
153880
1870958
153098
1927662
1649981
1667701
3254
1875033
1875050
1876910
1876918
1876922
1926240
816736
392558
216526
392552
899442
4850
216546
40070
813385
877270
9804
1876730
25284
831150
391918
831230
831271
392518
317696
23364
309940
203155
797534
1128956
1132743
1126671
1670189
1126495
1799933
1125926
23683
1043143
1088219
1921878
1903
1734680
1876742
1267807
1128057
1551649
3419
1128115
1126411
1128267
1126952
1126902
392550
1736544
483566
483567
1818113
216986
315888
310212
310213
310215
33747
1876124
1876119
1810570
24474
466525
1649867
899089
1820965
1927895
1927897
4139
4162
310239
235390
4182
4191
466631
24897
24902
91555
72901
77754
473387
997418
314623
1598641
1095229
1492940
1427224
1796118
1362737
57789
4497
1486025
1424890
620591
1928677
314633
1796748
1372715
1100999
41144
1364289
25486
1421151
25483
228833
272758
676679
259264
4778
4919
4955
999961
1247658
197738
197739
204193
204194
340705
4986
217389
5032
636522
217415
607669
1298099
5084
45318
26797
5293
310761
53017
235430
1546032
1740440
217595
1876713
392480
388677
392565
1864248
465331
402270
392468
1868958
1868960
1868962
142245
466466
217622
392533
1876734
1063
5514
465547
476707
91094
140480
5653
84959
236120
42987
1314372
259268
228512
5775
1242806
1653496
636227
1377831
1456746
1670011
1670021
1435649
727907
91458
467015
1118156
1447705
727914
1451803
1423034
1605101
93398
92880
93558
5867
5866
10982
253183
217704
92879
93557
5924
27712
1133114
183830
29455
1008516
89841
91551
91540
235378
91552
562101
5968
5971
9886
91537
51474
466471
1911
9887
311175
27863
1130681
1657049
857238
404807
1925463
1609276
261718
700757
1856066
1801835
1307404
1869697
1388
141860
197878
282428
311355
197889
197893
197891
197892
197890
756059
1876768
52177
1365801
1188546
388084
6531
1127809
1133478
1658260
1371377
30628
29261
270635
29268
197912
197913
89789
52549
311488
6745
853146
52560
197920
218323
29523
44
142113
1656574
1808202
1876731
1313354
1145961
1130631
29648
91121
267073
314088
403914
1431610
91241
1788990
1806248
1806323
1806371
1875046
889678
197974
204181
1126155
1129701
197992
30198
892358
1133044
1132260
1132459
1876598
236069
218597
465693
865927
266663
897292
1923810
218677
392479
359063
1487504
1812030
1812026
1812055
1918236
359822
427163
351175
1798999
351173
351174
1790310
91089
53750
1869891
218508
218510
1756279
484348
1539686
1652071
1876717
1049505
1874854
1876750
91164
1738531
1738532
1738533
1738534
1725714
1248797
7966
198068
312255
466553
7993
132879
408077
1126857
8006
876201
59016
1361575
1551675
33717
8338
1471857
91299
1873757
828700
968173
968181
34120
404959
691089
1009350
607172
217374
216107
333172
1801304
1801314
689973
198139
317145
312564
312570
483761
797730
432350
55322
1128079
402275
1864080
1098637
1021645
392471
1033954
1944989
1311565
6232
1006123
856463
856484
856538
856572
8793
8825
8839
10580
235438
1256434
39952
1876740
317836
1873983
1925820
82093
856605
1654390
82097
1367086
214817
9515
1922474
1922466
317675
7830
606002
606003
36345
9133
58932
283585
1802168
1812622
753350
267453
597620
91510
261435
1311495
729743
91531
91535
56501
1094809
91559
284916
56512
1311370
9913
330236
330237
36726
237832
56570
1553672
9945
1922907
1922937
1922953
9949
299081
498826
1876765
540930
150985
281890
198227
10177
10187
56807
10223
1596405
227410
89810
10323
876229
1291609
10347
817371
813372
37667
322974
203453
1431726
37686
838617
3690
224888
10349
1745883
1423270
68599
1872453
1858261
114260
32915
133009
91588
1244142
317518
235355
10565
10579
1431784
4952
745610
198287
1661128
198289
198290
1876738
1876766
104696
54421
217464
38802
220503
20592
198337
10864
10878
282508
1489109
135313
11002
226724
253158
1739794
1665467
134404
1918224
11149
33798
901805
1129935
1665058
899265
1309737
11194
313596
402537
1029366
11246
1551669
35406
259282
11378
759471
199994
199995
39937
39954
